600     2.0040
625     2.0190
650     2.0335
655     2.0363
660     2.0392
665     2.0420
670     2.0448
675     2.0475
680     2.0506
685     2.0531
690     2.0558
695     2.0585
700     2.0612
705     2.0639
710     2.0666
715     2.0693
720     2.0720
725     2.0746
730     2.0773
735     2.0799
740     2.0825
745     2.0852
750     2.0878
755     2.0900
760     2.0930
765     2.0956
770     2.0982
775     2.1008
780     2.1034
785     2.1060
790     2.1086
795     2.1112
800     2.1137
805     2.1163
810     2.1189
815     2.1215
820     2.1240
825     2.1266
830     2.1292
835     2.1318
840     2.1344
845     2.1370
850     2.1396